# area id -> zone map, generated by tools/WowWeb/gen_maps.py
# <area>	<directory>	<mapID>	<x_min>	<x_max>	<y_min>	<y_max>
# the image is assets/maps/<directory>.png; the box is in world coordinates
14	durotar	1	-1716.67	1808.33	-7250.00	-1962.50
215	mulgore	1	-3697.92	-272.92	-3089.58	2047.92
17	barrens	1	-5143.75	1612.50	-7510.42	2622.92
0	kalimdor	1	-11733.30	12799.90	-19733.21	17066.60
0	azeroth	0	-16000.00	7466.60	-19199.90	16000.00
36	alterac	0	-366.67	1500.00	-2016.67	783.33
45	arathi	0	-2533.33	-133.33	-4466.67	-866.67
3	badlands	0	-7547.92	-5889.58	-4566.67	-2079.17
4	blastedlands	0	-12800.00	-10566.67	-4591.67	-1241.67
85	tirisfal	0	825.00	3837.50	-1485.42	3033.33
130	silverpine	0	-1133.33	1666.67	-750.00	3450.00
28	westernplaguelands	0	500.00	3366.67	-3883.33	416.67
139	easternplaguelands	0	1218.75	3800.00	-6056.25	-2185.42
267	hilsbrad	0	-1733.33	400.00	-2133.33	1066.67
47	hinterlands	0	-1100.00	1466.67	-5425.00	-1575.00
1	dunmorogh	0	-7160.42	-3877.08	-3122.92	1802.08
51	searinggorge	0	-7587.50	-6100.00	-2554.17	-322.92
46	burningsteppes	0	-8983.33	-7031.25	-3195.83	-266.67
12	elwynn	0	-10254.17	-7939.58	-1935.42	1535.42
41	deadwindpass	0	-11533.33	-9866.67	-3333.33	-833.33
10	duskwood	0	-11516.67	-9716.67	-1866.67	833.33
38	lochmodan	0	-6327.08	-4487.50	-4752.08	-1993.75
44	redridge	0	-10022.92	-8575.00	-3741.67	-1570.83
33	stranglethorn	0	-15422.92	-11168.75	-4160.42	2220.83
8	swampofsorrows	0	-11150.00	-9620.83	-4516.67	-2222.92
40	westfall	0	-11733.33	-9400.00	-483.33	3016.67
11	wetlands	0	-4904.17	-2147.92	-4525.00	-389.58
141	teldrassil	1	8437.50	11831.25	-1277.08	3814.58
148	darkshore	1	3966.67	8333.33	-3608.33	2941.67
331	ashenvale	1	829.17	4672.92	-4066.67	1700.00
400	thousandneedles	1	-6900.00	-3966.67	-4833.33	-433.33
406	stonetalonmountains	1	-569.00	3441.00	-2069.00	3949.00
405	desolace	1	-2545.83	452.08	-262.50	4233.33
357	feralas	1	-7000.00	-2366.67	-1508.33	5441.67
15	dustwallow	1	-5533.33	-2033.33	-6225.00	-975.00
440	tanaris	1	-10475.00	-5875.00	-7118.75	-218.75
16	aszhara	1	1960.42	5341.67	-8347.92	-3277.08
361	felwood	1	3300.00	7133.33	-4108.33	1641.67
490	ungorocrater	1	-8433.33	-5966.67	-3166.67	533.33
493	moonglade	1	6952.08	8491.67	-3689.58	-1381.25
1377	silithus	1	-8281.25	-5958.33	-945.83	2537.50
618	winterspring	1	3800.00	8533.33	-7416.67	-316.67
1519	stormwind	0	-9154.17	-7995.83	-14.58	1722.92
1637	orgrimmar	1	1338.46	2273.88	-5083.21	-3680.60
1537	ironforge	0	-5096.85	-4569.24	-1504.22	-713.59
1638	thunderbluff	1	-1545.83	-850.00	-527.08	516.67
1657	darnassus	1	9532.59	10238.32	1880.03	2938.36
1497	undercity	0	1237.84	1877.95	-86.18	873.19
2597	alteracvalley	30	-1739.58	1085.42	-2456.25	1781.25
3277	warsonggulch	489	862.50	1627.08	895.83	2041.67
3358	arathibasin	529	337.50	1508.33	102.08	1858.33
876	gmisland	1	15984.00	16525.00	15920.00	16748.00
616	hyjal	1	3983.00	6125.00	-4286.00	-1080.00
4012	scarletenclave	0	979.00	3087.00	-7209.00	-4050.00
5023	sunnyglade	27	858.00	1823.00	-435.00	1013.00
409	lapidis	0	-12959.42	-11043.48	2031.88	4933.33
408	gillijim	0	-14575.72	-12528.71	1344.12	4436.22
5121	telabim	1	-9371.00	-7184.00	-8406.00	-5179.00
2040	alahthalas	0	3931.00	4907.00	-3637.00	-2169.00
5179	gilneas	0	-2801.00	-359.00	-413.00	3253.00
5024	icepoint	1	13330.00	14405.00	-7203.00	-5595.00
5536	blackstoneisland	1	-866.00	799.00	-8746.00	-6274.00
5225	thalassianhighlands	0	2891.00	4952.00	-4087.00	-1005.00
1581	deadminesentrance	0	-11354.86	-11054.94	1343.29	1793.18
718	wailingcavernsentrance	1	-870.49	-488.64	-2473.65	-1900.87
2100	maraudonentrance	1	-1646.00	-1096.00	2384.00	3208.00
721	gnomereganentrance	0	-5185.46	-4806.32	456.45	1027.64
25	blackrockmountain	0	-7796.50	-7327.82	-1472.50	-760.94
796	scarletmonasteryentrance	0	2812.33	2947.37	-863.62	-659.96
1337	uldamanentrance	0	-6329.51	-5953.41	-3310.46	-2747.15
3478	ahnqirajentrance	1	-10951.25	-8005.20	-206.35	3932.67
1941	cavernsoftime	1	-8911.18	-8023.09	-5044.09	-3695.85
5130	winterveilvale	813	-3309.00	-2332.00	484.00	1916.00
2437	ragefire	389	-452.95	39.62	-285.99	452.87
1176	zulfarrak	209	1129.17	2052.08	241.67	1625.00
1477	thetempleofatalhakkar	109	-718.52	-255.17	-252.27	442.76
719	blackfathomdeeps	48	-914.33	-107.91	-736.46	485.41
717	thestockade	34	-31.47	220.63	-188.33	189.82
721	gnomeregan	90	-985.00	-245.00	-262.00	863.00
1337	uldaman	70	-391.47	204.31	-248.55	645.12
2717	moltencore	409	456.00	1439.00	-1506.00	-11.00
1977	zulgurub	309	-12639.58	-11225.00	-2733.33	-612.50
2557	diremaul	429	-295.00	955.00	-912.00	1007.00
1584	blackrockdepths	230	245.00	1513.00	-1110.00	875.00
3429	ruinsofahnqiraj	509	-9908.33	-8233.33	522.92	3035.42
2159	onyxiaslair	249	-262.00	86.00	-366.00	155.00
1583	blackrockspire	229	-286.83	304.40	-876.25	10.59
718	wailingcaverns	43	-570.00	215.00	-380.00	790.00
2100	maraudon	349	-211.13	1199.76	-1626.68	485.41
2677	blackwinglair	469	-7760.00	-7255.00	-1422.00	-645.00
5138	thedeadmines	36	-398.04	36.93	-979.53	-322.94
722	razorfendowns	129	2094.00	2683.00	390.00	1271.00
491	razorfenkraul	47	1858.68	2349.64	1322.47	2058.92
5136	scarletmonastery	189	1616.86	2030.18	947.99	1567.97
5135	scarletmonastery2f	189	93.91	307.37	-482.46	-162.27
5153	scarletmonastery3f	189	1600.64	2009.10	-562.42	50.27
5163	scarletmonastery4f	189	812.42	1281.29	1040.69	1743.99
2057	scholomance	289	104.33	317.70	-68.64	251.41
209	shadowfangkeep	33	-315.00	-61.00	2055.00	2436.00
2017	stratholme	329	3374.04	4163.90	-3825.18	-2639.83
3428	ahnqiraj	531	-8703.50	-8051.80	1538.07	2515.63
5147	ahnqiraj2f	531	-9510.98	-7659.29	138.08	2915.62
3457	karazhan	532	-11199.00	-10789.00	-2165.00	-1546.00
2257	deepruntram	369	-112.50	95.50	2311.50	2623.50
5204	blackmorass	269	-2093.03	-1247.55	6066.48	7338.47
2366	blackmorass2f	269	-2227.08	-1500.47	6565.99	7651.85
5208	gilneascity	815	-1598.16	-760.72	2040.14	3290.32
3456	naxxramas	533	2338.28	3656.70	-4366.96	-2375.27
5148	naxxramas2f	533	3376.89	3816.56	-5521.46	-4869.36
5077	crescentgrove	802	-868.18	882.98	-1435.49	1207.72
5103	hateforgequarry	808	-8398.61	-7888.28	-3776.45	-3024.33
5086	karazhancrypt	800	-11308.14	-10916.17	-1849.26	-1302.51
5087	stormwindvault	35	-145.44	89.30	-40.16	314.34
5097	emeraldsanctum	807	2666.00	3519.72	2666.00	3939.10
5053	moomoo	801	16486.73	17158.52	16288.62	17296.30
3457	upperkarazhan	814	-11436.00	-10887.00	-2201.00	-1378.00
5557	upperkarazhan2f	814	-7668.00	-5800.00	-4283.00	-1483.00
5602	grimreaches	0	-6488.00	-2904.00	-7459.00	-2072.00
5561	balor	0	-9645.00	-7577.00	1630.00	4728.00
5581	northwind	0	-8484.00	-6327.00	-983.00	2258.00
2557	diremaulentrance	1	-4270.00	-3401.00	690.00	2014.00
5601	dragonmawretreat	816	-6672.00	-5599.00	-5062.00	-3428.00
5628	stormwroughtruins	818	-6774.00	-5424.00	-5345.00	-3365.00
5640	timbermaw	819	-8157.00	-7195.00	-4416.00	-2991.00
5641	windhorncanyon	820	-7992.00	-7163.00	-4418.00	-3184.00
5642	moonwhisper	1	4963.00	10204.00	-9210.00	-1354.00
1769	timbermawtunnels	1	6788.00	7395.00	-2723.00	-1862.00
5640	timbermawentrance	1	4204.00	5175.00	-5993.00	-4646.00
5722	thorngorge	821	1828.00	2522.00	1058.00	2105.00
5734	frostmanehollow	822	-8106.00	-7453.00	-4168.00	-3157.00
5731	windhorncanyonentrance	1	-5332.00	-5053.00	-3671.00	-3231.00
