# 区域判定的格子修正：<map> <cell_x> <cell_y> <area>
# 由 tools/WowWeb/gen_zonefix.py 生成，别手改（要改就改那份脚本里的 VERIFIED/REJECTED）
#
# mapzones.txt 的框是「区域地图图片的世界范围」，含邻区边缘，所以相邻区域的框会重叠；
# 页面默认取最小的框，在「小框只是边距」的地方会标错（例如血色领地的框圈住了
# 东瘟疫之地的提尔之手，/db/npcs/8531 因此画到血色领地）。
#
# 判据：用刷新点当证据——只落在一个框里的点算该区域的专属内容，落在多个框里的
# 格子取「专属内容更近」的区域（近一倍以上）；候选框有包含关系（城市/洞穴套在
# 大区域里）时保持现状。判据对边距型错误正确，但对相邻两区内容都在附近的情况
# 会误判，所以只保留人工按内容核验过的区域对：
#
#   ahnqiraj               → ahnqiraj2f             安其拉神庙二层的虫子与箱子（主场投票 9/9）
#   alterac                → hinterlands            Old Cliff Jumper / Soaring Razorbeak / Wildhammer Sentry —— 辛特兰的怪与 NPC
#   alterac                → silverpine             Rot Hide Plague Weaver / Snapjaw / Lake Skulker —— 银松森林的怪
#   arathi                 → hinterlands            Witherbark / Vilebranch 巨魔 —— 辛特兰的怪
#   badlands               → burningsteppes         Karfang Grunt / Taskmaster Ok'gog / Gazush the Rabid —— 燃烧平原的黑石兽人
#   blackmorass2f          → blackmorass            Infinite Dragonspawn / Infinite Riftguard —— 时光之穴
#   blackrockmountain      → burningsteppes         黑石山塔框边的采石场奴隶与黑石兽人（框内位置 0.13 vs 燃烧平原 0.28）
#   cavernsoftime          → tanaris                Glasshide Gazer / Scorpid Dunestalker / Blisterpaw Hyena —— 塔纳利斯地表的怪（洞穴自己的青铜龙在 z≈-211）
#   darnassus              → teldrassil             达纳苏斯框贴边的格子（0.02）是城外的泰达希尔地表：Gnarlpine 熊怪
#   deadminesentrance      → westfall               死亡矿井门口框里的地表迪菲亚工人（框内位置 0.24，与西部荒野框一致）
#   desolace               → stonetalonmountains    石爪山脉与凄凉之地交界西侧（主场投票 22/25）
#   durotar                → blackstoneisland       黑石岛（乌龟服自定义）的内容站在杜隆塔尔海面上：主场投票 47/50
#   easternplaguelands     → westernplaguelands     Plague Lurker / Diseased Grizzly / Elder Meadowrun —— 西瘟疫之地的怪
#   hilsbrad               → arathi                 Boulderfist Ogre / Highland Thrasher / Hightusk Boar —— 阿拉希高地的怪
#   hilsbrad               → gilneas                Greymane Preserver —— 吉尔尼斯（乌龟服自定义区）的怪
#   hilsbrad               → hinterlands            Mangy Silvermane / Old Farwell / Grant Lafford —— 辛特兰的 NPC
#   hyjal                  → aszhara                Hederine Manastalker / Hederine Slayer / Krampus —— 艾萨拉的怪
#   lapidis                → gillijim               吉吉利姆岛（乌龟服自定义）的南海海盗（主场投票 18/18）
#   redridge               → swampofsorrows         Draenethyst Crystals / Lost One Muckdweller —— 悲伤沼泽的物件与怪
#   scarletenclave         → easternplaguelands     Plaguebat / Putrid Gargoyle / Blighted Surge / Carrion Grub —— 东瘟疫之地的怪
#   searinggorge           → badlands               Elder Crag Coyote / Ridge Stalker Patriarch —— 荒芜之地的怪
#   silverpine             → gilneas                同一批 Spitecrest Wavesinger；原版地形把半岛标成了银松/湿地
#   stonetalonmountains    → desolace               同一条边界的东侧，两边各自析出（主场投票 32/42）
#   stormwind              → elwynn                 暴风城框贴边的格子（框内位置 0.02）是城外地表：迪菲亚盗贼、野兔（位置 0.36 在艾尔文森林框中部）
#   stranglethorn          → lapidis                Chieftain Woh'zo / Hazzuri Beastkeeper（乌龟服自定义，x≈-12500 的拉皮迪斯岛）
#   timbermawentrance      → aszhara                Legashi Satyr / Mosshoof Courser / Storm Bay Warrior —— 艾萨拉的怪
#   timbermawtunnels       → felwood                木喉要塞隧道口外的费伍德内容
#   uldaman                → badlands               Stonevault Cave Hunter / Stonesplinter Bonesnapper —— 奥达曼门外的穴居人
#   undercity              → tirisfal               幽暗城框贴边的格子（0.10）是城外：血色传教士等提瑞斯法的内容
#   ungorocrater           → tanaris                Sandfury Hideskinner / Glasshide Basilisk —— 塔纳利斯的怪
#   westernplaguelands     → tirisfal               Deathguard / Spectral Apparition / Undercity Reveler —— 提瑞斯法林地的怪与 NPC
#   westfall               → stranglethorn          Hemet Nesingwary / Zandalar Headshrinker / Saltwater Crocolisk —— 荆棘谷的 NPC 与怪
#   wetlands               → dunmorogh              卡兹莫丹机场一带的铁炉堡卫兵与机场工程师（主场投票 39/41 → 丹莫罗）
#   wetlands               → gilneas                Spitecrest Wavesinger（乌龟服自定义，站在吉尔尼斯半岛西岸 x≈-2620）
#
# 判据给得出但**核验为错**、有意保留现状的（别再加回来）：
#
#   ashenvale              / stonetalonmountains    地形网格（客户端数据）说是灰谷，内容混两边，保留现状
#   badlands               / dunmorogh              Dark Iron Spy，位置存疑，先不动
#   blastedlands           / swampofsorrows         格子里是奈瑟加德（诅咒之地）的兵，内容支持现状
#   deadwindpass           / elwynn                 格子里的 Watcher Callahan / Kzixx 不是艾尔文森林的
#   dunmorogh              / northwind              格子里混着霜鬃巨魔（丹莫罗的），存疑
#   duskwood               / elwynn                 同上，暮色森林一带
#   duskwood               / westfall               格子里的 NPC 是暮色森林的（Agent Kearnen / Klaven Mortwake）
#   easternplaguelands     / thalassianhighlands    格子里混着东瘟疫的 Terrordale 鬼魂，萨拉斯高地边界不明，保守保留现状
#   elwynn                 / westfall               存疑，先不动
#   ironforge              / dunmorogh              格子里是铁炉堡的 NPC（Bubulo Acerbus / Fizzlebang Booms）
#   redridge               / elwynn                 Dead-Tooth Jack / Defias Bandit，存疑
#   silithus               / ahnqirajentrance       格子里是 Hive'Regal 的虫子 —— 希利苏斯的
#   stormwind              / northwind              格子里的怪是 Stormwind City Guard（暴风城守卫）
#   thalassianhighlands    / westernplaguelands     血色十字军两种区域都有，存疑
#   thousandneedles        / feralas                格子里是 Highperch Wyvern —— 千针石林的
#   thousandneedles        / tanaris                存疑，先不动
#   undercity              / tirisfal               格子里的 NPC 是幽暗城的（Lordaeron Citizen / Keeper Bel'dugur）
#   ungorocrater           / thousandneedles        格子里是 A-Me 01 / U'cha —— 安戈洛环形山的
#
# 格子边长 33 码；只列有刷新点的格子。重算：python3 tools/WowWeb/gen_zonefix.py \
#     --write --mysql "tools/dbdiff/mysql_local.sh tw_world"
#0	-389	112	408
0	-388	112	408
0	-388	113	408
0	-388	114	408
0	-388	115	408
0	-387	77	409
0	-387	112	408
0	-387	113	408
0	-387	114	408
0	-387	115	408
0	-385	77	409
0	-384	92	409
0	-384	110	409
0	-384	112	409
0	-384	113	409
0	-383	89	409
0	-382	85	409
0	-382	88	409
0	-382	106	409
0	-380	102	409
0	-380	105	409
0	-380	106	409
0	-380	107	409
0	-380	110	409
0	-380	111	409
0	-380	112	409
0	-379	105	409
0	-379	106	409
0	-379	107	409
0	-379	108	409
0	-379	109	409
0	-379	110	409
0	-379	111	409
0	-379	112	409
0	-378	105	409
0	-378	106	409
0	-378	107	409
0	-378	109	409
0	-378	110	409
0	-378	112	409
0	-378	115	409
0	-378	123	409
0	-377	105	409
0	-377	106	409
0	-377	107	409
0	-377	108	409
0	-377	109	409
0	-377	110	409
0	-377	123	409
0	-376	94	409
0	-376	103	409
0	-376	105	409
0	-376	106	409
0	-376	107	409
0	-376	108	409
0	-376	109	409
0	-376	110	409
0	-376	113	409
0	-376	114	409
0	-375	92	409
0	-375	95	409
0	-375	103	409
0	-375	104	409
0	-375	105	409
0	-375	106	409
0	-375	107	409
0	-375	108	409
0	-375	109	409
0	-375	110	409
0	-375	116	409
0	-374	92	409
0	-374	93	409
0	-374	94	409
0	-374	96	409
0	-374	98	409
0	-374	100	409
0	-374	101	409
0	-374	103	409
0	-374	104	409
0	-374	105	409
0	-374	106	409
0	-374	107	409
0	-374	108	409
0	-374	109	409
0	-374	110	409
0	-374	111	409
0	-374	112	409
0	-374	113	409
0	-374	114	409
0	-374	116	409
0	-374	117	409
0	-373	90	409
0	-373	91	409
0	-373	92	409
0	-373	93	409
0	-373	94	409
0	-373	96	409
0	-373	97	409
0	-373	98	409
0	-373	99	409
0	-373	100	409
0	-373	101	409
0	-373	102	409
0	-373	104	409
0	-373	105	409
0	-373	106	409
0	-373	107	409
0	-373	108	409
0	-373	109	409
0	-373	110	409
0	-373	111	409
0	-373	113	409
0	-373	114	409
0	-373	115	409
0	-373	116	409
0	-372	86	409
0	-372	90	409
0	-372	92	409
0	-372	93	409
0	-372	96	409
0	-372	98	409
0	-372	100	409
0	-372	101	409
0	-372	102	409
0	-372	103	409
0	-372	104	409
0	-372	105	409
0	-372	106	409
0	-372	107	409
0	-372	108	409
0	-372	110	409
0	-372	114	409
0	-372	115	409
0	-372	119	409
0	-372	122	409
0	-371	84	409
0	-371	86	409
0	-371	96	409
0	-371	99	409
0	-371	101	409
0	-371	102	409
0	-371	103	409
0	-371	104	409
0	-371	105	409
0	-371	106	409
0	-371	107	409
0	-371	108	409
0	-371	113	409
0	-371	114	409
0	-371	118	409
0	-371	122	409
0	-371	124	409
0	-370	83	409
0	-370	84	409
0	-370	85	409
0	-370	86	409
0	-370	90	409
0	-370	96	409
0	-370	97	409
0	-370	98	409
0	-370	99	409
0	-370	100	409
0	-370	101	409
0	-370	102	409
0	-370	103	409
0	-370	104	409
0	-370	111	409
0	-370	116	409
0	-370	117	409
0	-370	118	409
0	-370	119	409
0	-370	121	409
0	-369	84	409
0	-369	85	409
0	-369	86	409
0	-369	87	409
0	-369	88	409
0	-369	90	409
0	-369	92	409
0	-369	93	409
0	-369	94	409
0	-369	95	409
0	-369	96	409
0	-369	99	409
0	-369	100	409
0	-369	104	409
0	-369	105	409
0	-369	108	409
0	-369	109	409
0	-369	114	409
0	-369	115	409
0	-369	116	409
0	-369	118	409
0	-369	120	409
0	-369	122	409
0	-369	124	409
0	-368	83	409
0	-368	84	409
0	-368	85	409
0	-368	86	409
0	-368	88	409
0	-368	89	409
0	-368	90	409
0	-368	91	409
0	-368	92	409
0	-368	97	409
0	-368	99	409
0	-368	100	409
0	-368	101	409
0	-368	102	409
0	-368	104	409
0	-368	105	409
0	-368	107	409
0	-368	112	409
0	-368	114	409
0	-368	115	409
0	-368	116	409
0	-368	119	409
0	-368	120	409
0	-368	124	409
0	-368	125	409
0	-367	83	409
0	-367	84	409
0	-367	85	409
0	-367	86	409
0	-367	87	409
0	-367	89	409
0	-367	91	409
0	-367	92	409
0	-367	93	409
0	-367	101	409
0	-367	102	409
0	-367	103	409
0	-367	105	409
0	-367	113	409
0	-367	116	409
0	-367	117	409
0	-367	118	409
0	-367	119	409
0	-367	122	409
0	-366	83	409
0	-366	84	409
0	-366	88	409
0	-366	89	409
0	-366	90	409
0	-366	91	409
0	-366	93	409
0	-366	96	409
0	-366	102	409
0	-366	103	409
0	-366	104	409
0	-366	105	409
0	-366	111	409
0	-366	114	409
0	-366	117	409
0	-366	118	409
0	-366	119	409
0	-366	121	409
0	-365	83	409
0	-365	84	409
0	-365	85	409
0	-365	86	409
0	-365	87	409
0	-365	93	409
0	-365	95	409
0	-365	99	409
0	-365	100	409
0	-365	104	409
0	-365	105	409
0	-365	106	409
0	-365	108	409
0	-365	112	409
0	-365	114	409
0	-365	115	409
0	-365	117	409
0	-365	119	409
0	-365	120	409
0	-365	121	409
0	-365	122	409
0	-365	124	409
0	-364	85	409
0	-364	86	409
0	-364	87	409
0	-364	94	409
0	-364	95	409
0	-364	97	409
0	-364	104	409
0	-364	105	409
0	-364	107	409
0	-364	108	409
0	-364	109	409
0	-364	111	409
0	-364	113	409
0	-364	119	409
0	-364	120	409
0	-364	121	409
0	-364	122	409
0	-364	124	409
0	-363	85	409
0	-363	86	409
0	-363	87	409
0	-363	88	409
0	-363	89	409
0	-363	106	409
0	-363	107	409
0	-363	108	409
0	-363	109	409
0	-363	110	409
0	-363	112	409
0	-363	113	409
0	-363	114	409
0	-363	115	409
0	-363	116	409
0	-363	118	409
0	-363	119	409
0	-363	121	409
0	-363	123	409
0	-362	86	409
0	-362	87	409
0	-362	89	409
0	-362	91	409
0	-362	101	409
0	-362	102	409
0	-362	103	409
0	-362	107	409
0	-362	112	409
0	-362	113	409
0	-362	115	409
0	-362	117	409
0	-362	118	409
0	-362	120	409
0	-362	122	409
0	-362	123	409
0	-362	124	409
0	-361	89	409
0	-361	94	409
0	-361	99	409
0	-361	101	409
0	-361	102	409
0	-361	106	409
0	-361	109	409
0	-361	112	409
0	-361	114	409
0	-361	116	409
0	-361	117	409
0	-361	119	409
0	-361	120	409
0	-361	121	409
0	-361	123	409
0	-360	96	409
0	-360	101	409
0	-360	102	409
0	-360	106	409
0	-360	107	409
0	-360	108	409
0	-360	109	409
0	-360	119	409
0	-360	120	409
0	-360	124	409
0	-359	107	409
0	-359	108	409
0	-359	120	409
0	-358	92	409
0	-358	95	409
0	-358	99	409
0	-358	103	409
0	-358	104	409
0	-358	106	409
0	-357	92	409
0	-357	94	409
0	-357	95	409
0	-357	96	409
0	-357	98	409
0	-357	99	409
0	-357	101	409
0	-357	102	409
0	-357	105	409
0	-357	111	409
0	-357	112	409
0	-357	113	409
0	-357	114	409
0	-357	115	409
0	-357	117	409
0	-357	121	409
0	-357	123	409
0	-356	112	409
0	-356	113	409
0	-356	114	409
0	-356	115	409
0	-356	117	409
0	-356	122	409
0	-356	123	409
0	-355	113	409
0	-355	115	409
0	-355	116	409
0	-355	117	409
0	-355	122	409
0	-355	123	409
0	-354	112	409
0	-354	113	409
0	-354	115	409
0	-354	116	409
0	-354	123	409
0	-353	116	409
0	-353	118	409
0	-353	123	409
0	-352	114	409
0	-352	115	409
0	-352	116	409
0	-351	113	409
0	-351	115	409
0	-351	116	409
0	-351	117	409
0	-351	118	409
0	-350	112	409
0	-350	118	409
0	-350	119	409
0	-349	112	409
0	-349	114	409
0	-349	115	409
0	-348	112	409
0	-348	113	409
0	-348	114	409
0	-348	115	409
0	-348	116	409
0	-347	113	409
0	-347	114	409
0	-347	115	409
0	-347	116	409
0	-347	117	409
0	-347	119	409
0	-346	115	409
0	-345	115	409
0	-344	115	409
0	-341	45	40
0	-341	46	40
0	-341	47	40
0	-341	53	40
0	-340	46	40
0	-340	47	40
0	-340	49	40
0	-340	51	40
0	-340	52	40
0	-339	41	40
0	-339	45	40
0	-339	46	40
0	-339	47	40
0	-339	50	40
0	-339	51	40
0	-339	52	40
0	-339	53	40
0	-338	44	40
0	-338	46	40
0	-338	47	40
0	-338	48	40
0	-338	49	40
0	-337	44	40
0	-337	45	40
0	-337	46	40
0	-337	47	40
0	-337	48	40
0	-337	49	40
0	-336	44	40
0	-336	45	40
0	-336	46	40
0	-336	47	40
0	-336	48	40
0	-336	49	40
0	-336	50	40
0	-336	51	40
0	-336	52	40
0	-335	43	40
0	-335	44	40
0	-335	45	40
0	-335	46	40
0	-335	47	40
0	-335	48	40
0	-335	50	40
0	-335	51	40
0	-335	52	40
0	-334	44	40
0	-334	45	40
0	-334	49	40
0	-334	51	40
0	-334	53	40
0	-333	42	40
0	-333	45	40
0	-333	46	40
0	-333	49	40
0	-333	51	40
0	-333	53	40
0	-275	0	12
0	-275	1	12
0	-275	2	12
0	-275	3	12
0	-275	10	12
0	-275	12	12
0	-275	13	12
0	-274	0	12
0	-274	1	12
0	-274	6	12
0	-274	7	12
0	-274	9	12
0	-274	10	12
0	-274	11	12
0	-274	12	12
0	-273	0	12
0	-273	9	12
0	-273	10	12
0	-273	11	12
0	-272	0	12
0	-272	9	12
0	-272	10	12
0	-271	0	12
0	-271	8	12
0	-267	0	12
0	-266	0	12
0	-265	0	12
0	-265	9	12
0	-263	0	12
0	-234	-43	46
0	-232	-44	46
0	-232	-43	46
0	-231	-44	46
0	-231	-43	46
0	-231	-40	46
0	-230	-44	46
0	-229	-43	46
0	-229	-42	46
0	-228	-44	46
0	-228	-43	46
0	-228	-42	46
0	-228	-26	46
0	-225	-31	46
0	-225	-30	46
0	-225	-28	46
0	-224	-32	46
0	-224	-31	46
0	-224	-30	46
0	-224	-29	46
0	-224	-28	46
0	-224	-27	46
0	-223	-31	46
0	-189	-90	3
0	-189	-88	3
0	-184	-99	3
0	-184	-98	3
0	-184	-97	3
0	-184	-94	3
0	-183	-99	3
0	-183	-98	3
0	-183	-97	3
0	-183	-96	3
0	-183	-95	3
0	-182	-99	3
0	-182	-98	3
0	-182	-97	3
0	-182	-96	3
0	-182	-95	3
0	-181	-97	3
0	-151	39	1
0	-143	4	1
0	-143	5	1
0	-143	6	1
0	-143	8	1
0	-143	9	1
0	-143	10	1
0	-143	11	1
0	-143	12	1
0	-142	4	1
0	-142	5	1
0	-142	6	1
0	-142	7	1
0	-142	8	1
0	-142	9	1
0	-141	5	1
0	-141	6	1
0	-141	7	1
0	-141	8	1
0	-141	9	1
0	-140	6	1
0	-140	7	1
0	-140	9	1
0	-139	7	1
0	-139	8	1
0	-84	38	5179
0	-83	30	5179
0	-83	33	5179
0	-83	35	5179
0	-83	37	5179
0	-83	40	5179
0	-82	33	5179
0	-82	42	5179
0	-81	30	5179
0	-81	32	5179
0	-81	35	5179
0	-81	38	5179
0	-81	39	5179
0	-80	32	5179
0	-80	33	5179
0	-80	38	5179
0	-80	40	5179
0	-79	26	5179
0	-79	28	5179
0	-79	34	5179
0	-79	36	5179
0	-79	39	5179
0	-79	42	5179
0	-78	27	5179
0	-78	29	5179
0	-78	31	5179
0	-78	35	5179
0	-78	36	5179
0	-77	25	5179
0	-77	33	5179
0	-77	38	5179
0	-77	39	5179
0	-77	42	5179
0	-76	28	5179
0	-76	30	5179
0	-76	32	5179
0	-76	35	5179
0	-76	36	5179
0	-76	41	5179
0	-75	26	5179
0	-75	28	5179
0	-75	31	5179
0	-75	33	5179
0	-75	37	5179
0	-75	43	5179
0	-75	44	5179
0	-75	51	5179
0	-75	53	5179
0	-75	58	5179
0	-74	27	5179
0	-74	28	5179
0	-74	29	5179
0	-74	30	5179
0	-74	32	5179
0	-74	36	5179
0	-74	40	5179
0	-74	45	5179
0	-74	49	5179
0	-74	50	5179
0	-74	55	5179
0	-74	61	5179
0	-73	23	5179
0	-73	24	5179
0	-73	26	5179
0	-73	27	5179
0	-73	29	5179
0	-73	30	5179
0	-73	32	5179
0	-73	39	5179
0	-73	43	5179
0	-73	44	5179
0	-73	45	5179
0	-73	47	5179
0	-73	49	5179
0	-73	51	5179
0	-73	52	5179
0	-73	54	5179
0	-73	56	5179
0	-72	24	5179
0	-72	25	5179
0	-72	29	5179
0	-72	30	5179
0	-72	34	5179
0	-72	41	5179
0	-72	42	5179
0	-72	46	5179
0	-72	48	5179
0	-72	62	5179
0	-71	23	5179
0	-71	24	5179
0	-71	25	5179
0	-71	27	5179
0	-71	28	5179
0	-71	29	5179
0	-71	35	5179
0	-71	42	5179
0	-71	44	5179
0	-71	46	5179
0	-71	52	5179
0	-71	54	5179
0	-71	55	5179
0	-71	61	5179
0	-71	62	5179
0	-71	63	5179
0	-70	23	5179
0	-70	24	5179
0	-70	25	5179
0	-70	26	5179
0	-70	46	5179
0	-70	48	5179
0	-70	49	5179
0	-70	51	5179
0	-70	54	5179
0	-70	57	5179
0	-70	58	5179
0	-70	59	5179
0	-70	61	5179
0	-70	62	5179
0	-70	63	5179
0	-69	23	5179
0	-69	24	5179
0	-69	25	5179
0	-69	26	5179
0	-69	27	5179
0	-69	34	5179
0	-69	39	5179
0	-69	43	5179
0	-69	46	5179
0	-69	50	5179
0	-69	55	5179
0	-69	59	5179
0	-69	60	5179
0	-69	63	5179
0	-68	27	5179
0	-68	41	5179
0	-68	47	5179
0	-68	49	5179
0	-68	51	5179
0	-68	54	5179
0	-68	59	5179
0	-67	32	5179
0	-67	35	5179
0	-67	37	5179
0	-67	39	5179
0	-67	40	5179
0	-67	46	5179
0	-67	47	5179
0	-67	49	5179
0	-67	50	5179
0	-67	53	5179
0	-67	55	5179
0	-67	56	5179
0	-67	57	5179
0	-67	59	5179
0	-67	60	5179
0	-67	61	5179
0	-67	62	5179
0	-66	30	5179
0	-66	34	5179
0	-66	41	5179
0	-66	42	5179
0	-66	47	5179
0	-66	49	5179
0	-66	51	5179
0	-66	53	5179
0	-66	55	5179
0	-66	59	5179
0	-66	61	5179
0	-66	68	5179
0	-66	72	5179
0	-65	29	5179
0	-65	31	5179
0	-65	32	5179
0	-65	33	5179
0	-65	34	5179
0	-65	39	5179
0	-65	40	5179
0	-65	44	5179
0	-65	45	5179
0	-65	50	5179
0	-65	52	5179
0	-65	53	5179
0	-65	55	5179
0	-65	58	5179
0	-65	67	5179
0	-65	68	5179
0	-65	70	5179
0	-64	27	5179
0	-64	28	5179
0	-64	32	5179
0	-64	33	5179
0	-64	34	5179
0	-64	39	5179
0	-64	47	5179
0	-64	49	5179
0	-64	62	5179
0	-64	74	5179
0	-64	75	5179
0	-63	33	5179
0	-63	35	5179
0	-63	37	5179
0	-63	44	5179
0	-63	46	5179
0	-63	62	5179
0	-63	63	5179
0	-63	69	5179
0	-63	70	5179
0	-63	73	5179
0	-62	33	5179
0	-62	34	5179
0	-62	35	5179
0	-62	48	5179
0	-62	51	5179
0	-62	66	5179
0	-62	67	5179
0	-62	69	5179
0	-62	70	5179
0	-62	74	5179
0	-62	77	5179
0	-61	33	5179
0	-61	34	5179
0	-61	38	5179
0	-61	39	5179
0	-61	45	5179
0	-61	47	5179
0	-61	48	5179
0	-61	49	5179
0	-61	50	5179
0	-61	51	5179
0	-61	66	5179
0	-61	67	5179
0	-60	24	5179
0	-60	25	5179
0	-60	26	5179
0	-60	35	5179
0	-60	37	5179
0	-60	40	5179
0	-60	41	5179
0	-60	45	5179
0	-60	46	5179
0	-60	47	5179
0	-60	48	5179
0	-60	49	5179
0	-60	50	5179
0	-60	65	5179
0	-60	73	5179
0	-60	76	5179
0	-60	79	5179
0	-59	24	5179
0	-59	25	5179
0	-59	26	5179
0	-59	36	5179
0	-59	39	5179
0	-59	47	5179
0	-59	48	5179
0	-59	49	5179
0	-59	50	5179
0	-59	53	5179
0	-59	73	5179
0	-59	74	5179
0	-59	75	5179
0	-59	76	5179
0	-59	77	5179
0	-59	79	5179
0	-59	81	5179
0	-58	27	5179
0	-58	28	5179
0	-58	29	5179
0	-58	30	5179
0	-58	35	5179
0	-58	37	5179
0	-58	38	5179
0	-58	40	5179
0	-58	41	5179
0	-58	46	5179
0	-58	47	5179
0	-58	48	5179
0	-58	49	5179
0	-58	50	5179
0	-58	52	5179
0	-58	53	5179
0	-58	57	5179
0	-58	58	5179
0	-58	62	5179
0	-58	68	5179
0	-58	72	5179
0	-58	73	5179
0	-58	74	5179
0	-58	75	5179
0	-58	76	5179
0	-58	77	5179
0	-57	27	5179
0	-57	30	5179
0	-57	35	5179
0	-57	41	5179
0	-57	42	5179
0	-57	44	5179
0	-57	47	5179
0	-57	48	5179
0	-57	49	5179
0	-57	50	5179
0	-57	51	5179
0	-57	52	5179
0	-57	55	5179
0	-57	56	5179
0	-57	58	5179
0	-57	73	5179
0	-57	74	5179
0	-57	75	5179
0	-57	76	5179
0	-57	78	5179
0	-56	30	5179
0	-56	36	5179
0	-56	37	5179
0	-56	38	5179
0	-56	39	5179
0	-56	40	5179
0	-56	42	5179
0	-56	48	5179
0	-56	52	5179
0	-56	54	5179
0	-56	55	5179
0	-56	57	5179
0	-56	58	5179
0	-56	61	5179
0	-56	70	5179
0	-56	74	5179
0	-56	75	5179
0	-56	76	5179
0	-56	81	5179
0	-55	29	5179
0	-55	30	5179
0	-55	36	5179
0	-55	37	5179
0	-55	39	5179
0	-55	41	5179
0	-55	43	5179
0	-55	45	5179
0	-55	47	5179
0	-55	50	5179
0	-55	53	5179
0	-55	55	5179
0	-55	56	5179
0	-55	73	5179
0	-55	74	5179
0	-55	75	5179
0	-55	76	5179
0	-54	30	5179
0	-54	31	5179
0	-54	34	5179
0	-54	35	5179
0	-54	36	5179
0	-54	37	5179
0	-54	38	5179
0	-54	40	5179
0	-54	43	5179
0	-54	44	5179
0	-54	46	5179
0	-54	50	5179
0	-54	52	5179
0	-54	54	5179
0	-54	55	5179
0	-54	56	5179
0	-54	61	5179
0	-54	71	5179
0	-54	76	5179
0	-54	81	5179
0	-54	82	5179
0	-53	26	5179
0	-53	27	5179
0	-53	36	5179
0	-53	37	5179
0	-53	38	5179
0	-53	41	5179
0	-53	43	5179
0	-53	44	5179
0	-53	45	5179
0	-53	46	5179
0	-53	47	5179
0	-53	48	5179
0	-53	49	5179
0	-53	50	5179
0	-53	54	5179
0	-53	55	5179
0	-53	56	5179
0	-53	57	5179
0	-53	60	5179
0	-53	71	5179
0	-53	76	5179
0	-53	81	5179
0	-53	82	5179
0	-53	83	5179
0	-52	35	5179
0	-52	36	5179
0	-52	37	5179
0	-52	41	5179
0	-52	43	5179
0	-52	44	5179
0	-52	45	5179
0	-52	51	5179
0	-52	53	5179
0	-52	54	5179
0	-52	55	5179
0	-52	56	5179
0	-52	57	5179
0	-52	60	5179
0	-52	62	5179
0	-52	72	5179
0	-52	76	5179
0	-52	77	5179
0	-52	79	5179
0	-52	80	5179
0	-52	81	5179
0	-51	34	5179
0	-51	35	5179
0	-51	37	5179
0	-51	41	5179
0	-51	43	5179
0	-51	44	5179
0	-51	60	5179
0	-51	61	5179
0	-51	74	5179
0	-51	76	5179
0	-51	77	5179
0	-51	78	5179
0	-51	81	5179
0	-51	82	5179
0	-50	33	5179
0	-50	36	5179
0	-50	37	5179
0	-50	38	5179
0	-50	41	5179
0	-50	42	5179
0	-50	44	5179
0	-50	56	5179
0	-50	60	5179
0	-50	61	5179
0	-50	64	5179
0	-50	76	5179
0	-50	77	5179
0	-50	81	5179
0	-50	82	5179
0	-50	85	5179
0	-49	33	5179
0	-49	36	5179
0	-49	38	5179
0	-49	39	5179
0	-49	40	5179
0	-49	42	5179
0	-49	43	5179
0	-49	56	5179
0	-49	57	5179
0	-49	58	5179
0	-49	61	5179
0	-49	63	5179
0	-49	80	5179
0	-48	33	5179
0	-48	35	5179
0	-48	36	5179
0	-48	37	5179
0	-48	38	5179
0	-48	39	5179
0	-48	41	5179
0	-48	57	5179
0	-48	58	5179
0	-48	61	5179
0	-48	62	5179
0	-48	63	5179
0	-48	64	5179
0	-48	81	5179
0	-48	82	5179
0	-47	36	5179
0	-47	38	5179
0	-47	39	5179
0	-47	40	5179
0	-47	42	5179
0	-47	43	5179
0	-47	46	5179
0	-47	56	5179
0	-47	57	5179
0	-47	59	5179
0	-47	62	5179
0	-47	63	5179
0	-47	64	5179
0	-47	65	5179
0	-46	33	5179
0	-46	35	5179
0	-46	39	5179
0	-46	46	5179
0	-46	53	5179
0	-46	57	5179
0	-46	58	5179
0	-46	59	5179
0	-46	60	5179
0	-46	62	5179
0	-46	63	5179
0	-46	64	5179
0	-46	77	5179
0	-46	81	5179
0	-46	82	5179
0	-46	85	5179
0	-45	34	5179
0	-45	35	5179
0	-45	37	5179
0	-45	40	5179
0	-45	43	5179
0	-45	46	5179
0	-45	47	5179
0	-45	48	5179
0	-45	49	5179
0	-45	51	5179
0	-45	53	5179
0	-45	56	5179
0	-45	57	5179
0	-45	58	5179
0	-45	59	5179
0	-45	60	5179
0	-45	61	5179
0	-45	62	5179
0	-45	63	5179
0	-45	75	5179
0	-45	76	5179
0	-45	77	5179
0	-45	82	5179
0	-45	84	5179
0	-44	39	5179
0	-44	40	5179
0	-44	41	5179
0	-44	43	5179
0	-44	46	5179
0	-44	47	5179
0	-44	48	5179
0	-44	49	5179
0	-44	50	5179
0	-44	51	5179
0	-44	52	5179
0	-44	53	5179
0	-44	56	5179
0	-44	57	5179
0	-44	58	5179
0	-44	59	5179
0	-44	61	5179
0	-44	63	5179
0	-44	69	5179
0	-44	70	5179
0	-44	71	5179
0	-44	73	5179
0	-44	74	5179
0	-44	75	5179
0	-44	76	5179
0	-44	77	5179
0	-44	83	5179
0	-44	84	5179
0	-43	39	5179
0	-43	43	5179
0	-43	47	5179
0	-43	48	5179
0	-43	49	5179
0	-43	50	5179
0	-43	51	5179
0	-43	52	5179
0	-43	57	5179
0	-43	58	5179
0	-43	60	5179
0	-43	61	5179
0	-43	69	5179
0	-43	70	5179
0	-43	71	5179
0	-43	72	5179
0	-43	73	5179
0	-43	77	5179
0	-43	80	5179
0	-43	81	5179
0	-42	39	5179
0	-42	42	5179
0	-42	51	5179
0	-42	52	5179
0	-42	62	5179
0	-42	72	5179
0	-42	73	5179
0	-42	74	5179
0	-42	83	5179
0	-41	35	5179
0	-41	36	5179
0	-41	39	5179
0	-41	41	5179
0	-41	43	5179
0	-41	45	5179
0	-41	49	5179
0	-41	52	5179
0	-41	54	5179
0	-41	56	5179
0	-41	60	5179
0	-41	82	5179
0	-41	85	5179
0	-40	34	5179
0	-40	35	5179
0	-40	39	5179
0	-40	40	5179
0	-40	41	5179
0	-40	42	5179
0	-40	44	5179
0	-40	45	5179
0	-40	46	5179
0	-40	47	5179
0	-40	48	5179
0	-40	49	5179
0	-40	51	5179
0	-40	53	5179
0	-40	54	5179
0	-40	55	5179
0	-40	60	5179
0	-40	61	5179
0	-40	80	5179
0	-40	81	5179
0	-40	84	5179
0	-39	34	5179
0	-39	35	5179
0	-39	36	5179
0	-39	37	5179
0	-39	38	5179
0	-39	39	5179
0	-39	41	5179
0	-39	42	5179
0	-39	43	5179
0	-39	49	5179
0	-39	50	5179
0	-39	51	5179
0	-39	52	5179
0	-39	54	5179
0	-39	55	5179
0	-39	56	5179
0	-39	66	5179
0	-39	67	5179
0	-39	68	5179
0	-38	37	5179
0	-38	38	5179
0	-38	41	5179
0	-38	42	5179
0	-38	43	5179
0	-38	44	5179
0	-38	45	5179
0	-38	47	5179
0	-38	49	5179
0	-38	52	5179
0	-38	53	5179
0	-38	54	5179
0	-38	55	5179
0	-38	57	5179
0	-38	62	5179
0	-38	64	5179
0	-38	65	5179
0	-38	66	5179
0	-38	67	5179
0	-38	81	5179
0	-37	36	5179
0	-37	43	5179
0	-37	44	5179
0	-37	45	5179
0	-37	48	5179
0	-37	51	5179
0	-37	52	5179
0	-37	54	5179
0	-37	55	5179
0	-37	57	5179
0	-37	58	5179
0	-37	61	5179
0	-37	62	5179
0	-37	63	5179
0	-37	64	5179
0	-37	65	5179
0	-37	67	5179
0	-37	68	5179
0	-37	80	5179
0	-37	81	5179
0	-37	82	5179
0	-37	83	5179
0	-37	84	5179
0	-36	35	5179
0	-36	36	5179
0	-36	42	5179
0	-36	44	5179
0	-36	46	5179
0	-36	48	5179
0	-36	50	5179
0	-36	51	5179
0	-36	55	5179
0	-36	56	5179
0	-36	57	5179
0	-36	61	5179
0	-36	63	5179
0	-36	64	5179
0	-36	65	5179
0	-36	66	5179
0	-36	67	5179
0	-36	68	5179
0	-36	69	5179
0	-36	79	5179
0	-36	80	5179
0	-36	81	5179
0	-36	82	5179
0	-35	42	5179
0	-35	43	5179
0	-35	44	5179
0	-35	46	5179
0	-35	48	5179
0	-35	50	5179
0	-35	56	5179
0	-35	65	5179
0	-35	66	5179
0	-35	67	5179
0	-35	68	5179
0	-35	81	5179
0	-34	43	5179
0	-34	44	5179
0	-34	45	5179
0	-34	49	5179
0	-34	55	5179
0	-34	65	5179
0	-34	66	5179
0	-33	39	5179
0	-33	40	5179
0	-33	43	5179
0	-33	44	5179
0	-33	46	5179
0	-33	49	5179
0	-33	50	5179
0	-33	52	5179
0	-33	57	5179
0	-33	62	5179
0	-33	66	5179
0	-33	67	5179
0	-33	82	5179
0	-32	39	5179
0	-32	40	5179
0	-32	42	5179
0	-32	44	5179
0	-32	45	5179
0	-32	46	5179
0	-32	48	5179
0	-32	50	5179
0	-32	53	5179
0	-32	58	5179
0	-32	66	5179
0	-32	80	5179
0	-32	81	5179
0	-31	44	5179
0	-31	45	5179
0	-31	48	5179
0	-31	49	5179
0	-31	50	5179
0	-31	51	5179
0	-31	54	5179
0	-31	59	5179
0	-30	44	5179
0	-30	45	5179
0	-30	46	5179
0	-30	48	5179
0	-30	53	5179
0	-30	59	5179
0	-29	43	5179
0	-29	46	5179
0	-29	48	5179
0	-28	43	5179
0	-28	45	5179
0	-28	48	5179
0	-28	49	5179
0	-28	52	5179
0	-28	53	5179
0	-28	54	5179
0	-27	44	5179
0	-27	45	5179
0	-27	48	5179
0	-27	49	5179
0	-26	47	5179
0	-26	54	5179
0	-25	47	5179
0	-25	54	5179
0	-24	37	5179
0	-24	53	5179
0	-24	54	5179
0	-24	55	5179
0	-23	45	5179
0	-23	53	5179
0	-23	55	5179
0	-22	41	5179
0	-22	46	5179
0	-22	52	5179
0	-22	53	5179
0	-22	54	5179
0	-21	36	5179
0	-21	47	5179
0	-21	54	5179
0	-21	56	5179
0	-20	35	5179
0	-20	45	5179
0	-20	55	5179
0	-19	54	5179
0	-19	55	5179
0	-18	33	5179
0	-18	47	5179
0	-18	55	5179
0	-17	49	5179
0	-16	39	5179
0	-15	36	5179
0	-15	45	5179
0	-14	50	5179
0	-13	41	5179
0	-13	44	5179
0	-13	45	5179
0	-13	47	5179
0	-12	44	5179
0	-12	48	5179
0	44	-2	85
0	44	-1	85
0	45	-2	85
0	45	-1	85
0	45	0	85
0	46	15	85
0	47	18	85
0	47	19	85
0	48	15	85
0	48	18	85
0	49	19	85
0	49	20	85
0	50	-2	85
0	51	14	85
0	51	17	85
0	51	20	85
0	51	21	85
0	51	22	85
0	51	23	85
0	52	14	85
0	52	19	85
0	52	20	85
0	52	21	85
0	52	23	85
0	53	5	85
0	53	8	85
0	53	9	85
0	53	10	85
0	53	18	85
0	53	20	85
0	53	21	85
0	53	22	85
0	53	25	85
0	54	5	85
0	54	6	85
0	54	7	85
0	54	8	85
0	54	9	85
0	54	10	85
0	54	17	85
0	54	18	85
0	54	19	85
0	54	20	85
0	54	21	85
0	54	22	85
0	55	5	85
0	55	6	85
0	55	7	85
0	55	8	85
0	55	10	85
0	55	17	85
0	55	18	85
0	55	20	85
0	55	21	85
1	-267	-141	440
1	-267	-129	440
1	-267	-126	440
1	-267	-120	440
1	-267	-118	440
1	-267	-116	440
1	-267	-113	440
1	-266	-144	440
1	-266	-142	440
1	-266	-141	440
1	-266	-132	440
1	-266	-131	440
1	-266	-125	440
1	-266	-124	440
1	-266	-123	440
1	-266	-121	440
1	-266	-119	440
1	-265	-144	440
1	-265	-143	440
1	-265	-141	440
1	-265	-128	440
1	-265	-125	440
1	-265	-122	440
1	-265	-120	440
1	-265	-113	440
1	-264	-144	440
1	-264	-143	440
1	-264	-140	440
1	-264	-131	440
1	-264	-123	440
1	-264	-120	440
1	-264	-119	440
1	-264	-115	440
1	-264	-113	440
1	-263	-143	440
1	-263	-141	440
1	-263	-140	440
1	-263	-139	440
1	-263	-132	440
1	-263	-130	440
1	-263	-126	440
1	-263	-125	440
1	-263	-124	440
1	-263	-120	440
1	-262	-146	440
1	-262	-145	440
1	-262	-144	440
1	-262	-142	440
1	-262	-140	440
1	-262	-115	440
1	-262	-113	440
1	-261	-141	440
1	-261	-129	440
1	-261	-123	440
1	-261	-112	440
1	-260	-146	440
1	-260	-145	440
1	-260	-144	440
1	-260	-143	440
1	-260	-142	440
1	-260	-135	440
1	-260	-133	440
1	-260	-129	440
1	-260	-125	440
1	-260	-115	440
1	-260	-113	440
1	-260	-112	440
1	-259	-147	440
1	-259	-143	440
1	-259	-141	440
1	-258	-150	440
1	-258	-148	440
1	-258	-146	440
1	-258	-144	440
1	-258	-143	440
1	-258	-135	440
1	-258	-133	440
1	-258	-131	440
1	-258	-129	440
1	-258	-127	440
1	-258	-125	440
1	-258	-123	440
1	-258	-122	440
1	-258	-119	440
1	-258	-117	440
1	-258	-115	440
1	-258	-113	440
1	-257	-151	440
1	-257	-149	440
1	-257	-147	440
1	-257	-127	440
1	-257	-123	440
1	-256	-150	440
1	-256	-148	440
1	-256	-146	440
1	-256	-135	440
1	-256	-133	440
1	-256	-131	440
1	-256	-129	440
1	-256	-127	440
1	-256	-125	440
1	-256	-123	440
1	-256	-121	440
1	-256	-119	440
1	-256	-117	440
1	-256	-114	440
1	-256	-113	440
1	-255	-136	440
1	-255	-120	440
1	-254	-137	440
1	-254	-135	440
1	-254	-130	440
1	-254	-125	440
1	-254	-123	440
1	-254	-121	440
1	-254	-119	440
1	-254	-117	440
1	-254	-115	440
1	-254	-113	440
1	-253	-149	440
1	-253	-125	440
1	-253	-117	440
1	-252	-134	440
1	-252	-133	440
1	-252	-129	440
1	-252	-128	440
1	-252	-123	440
1	-252	-121	440
1	-252	-119	440
1	-252	-116	440
1	-252	-115	440
1	-252	-113	440
1	-251	-135	440
1	-251	-120	440
1	-250	-140	440
1	-250	-138	440
1	-250	-133	440
1	-250	-129	440
1	-250	-125	440
1	-250	-123	440
1	-250	-121	440
1	-250	-119	440
1	-250	-117	440
1	-250	-115	440
1	-250	-112	440
1	-249	-142	440
1	-249	-138	440
1	-249	-112	440
1	-248	-137	440
1	-248	-134	440
1	-248	-131	440
1	-248	-129	440
1	-248	-127	440
1	-248	-125	440
1	-248	-124	440
1	-248	-119	440
1	-248	-116	440
1	-248	-115	440
1	-248	-113	440
1	-248	-112	440
1	-247	-142	440
1	-247	-138	440
1	-247	-134	440
1	-247	-131	440
1	-247	-121	440
1	-247	-117	440
1	-247	-116	440
1	-246	-144	440
1	-246	-142	440
1	-246	-130	440
1	-246	-128	440
1	-246	-124	440
1	-246	-123	440
1	-246	-121	440
1	-246	-119	440
1	-246	-117	440
1	-246	-115	440
1	-245	-144	440
1	-245	-139	440
1	-245	-137	440
1	-245	-127	440
1	-245	-113	440
1	-244	-137	440
1	-244	-133	440
1	-244	-131	440
1	-244	-127	440
1	-244	-126	440
1	-244	-125	440
1	-244	-123	440
1	-244	-122	440
1	-244	-119	440
1	-244	-117	440
1	-244	-115	440
1	-244	-113	440
1	-243	-147	440
1	-243	-134	440
1	-243	-129	440
1	-243	-122	440
1	-243	-120	440
1	-243	-115	440
1	-243	-113	440
1	-242	-140	440
1	-242	-135	440
1	-242	-133	440
1	-242	-131	440
1	-242	-129	440
1	-242	-127	440
1	-242	-123	440
1	-242	-121	440
1	-242	-119	440
1	-242	-118	440
1	-242	-114	440
1	-22	-208	5536
1	-21	-208	5536
1	-21	-207	5536
1	-20	-208	5536
1	-20	-207	5536
1	-19	-208	5536
1	-19	-207	5536
1	-19	-205	5536
1	-18	-207	5536
1	-18	-205	5536
1	-17	-206	5536
1	-13	-206	5536
1	-13	-204	5536
1	-11	-206	5536
1	-11	-204	5536
1	-10	-208	5536
1	-8	-208	5536
1	-8	2	405
1	-6	-208	5536
1	-6	-8	405
1	-6	5	405
1	-5	-208	5536
1	-5	-7	405
1	-4	9	405
1	-3	-208	5536
1	-3	7	405
1	-3	8	405
1	-3	9	405
1	-2	-207	5536
1	-2	7	405
1	-2	8	405
1	-2	9	405
1	-1	9	405
1	0	12	405
1	0	13	405
1	4	7	405
1	5	-7	405
1	5	-4	405
1	11	8	405
1	11	21	405
1	13	10	405
1	16	-242	5536
1	16	-233	5536
1	16	-228	5536
1	16	-227	5536
1	16	-225	5536
1	16	-217	5536
1	16	-216	5536
1	17	-240	5536
1	17	-236	5536
1	17	-231	5536
1	17	-230	5536
1	17	-227	5536
1	17	-224	5536
1	17	-222	5536
1	17	-221	5536
1	17	-219	5536
1	18	-241	5536
1	18	-235	5536
1	18	-234	5536
1	18	-227	5536
1	18	-223	5536
1	18	-221	5536
1	19	-238	5536
1	19	-230	5536
1	19	-225	5536
1	20	-232	5536
1	40	68	406
1	55	65	406
1	55	66	406
1	55	76	406
1	56	64	406
1	56	65	406
1	56	66	406
1	56	77	406
1	56	78	406
1	57	66	406
1	57	67	406
1	57	76	406
1	57	77	406
1	57	78	406
1	58	64	406
1	58	65	406
1	58	66	406
1	58	67	406
1	59	64	406
1	59	65	406
1	59	66	406
1	60	64	406
1	60	65	406
1	60	66	406
1	60	67	406
1	62	64	406
1	62	65	406
1	63	66	406
1	63	67	406
1	126	-178	16
1	126	-172	16
1	126	-170	16
1	126	-169	16
1	126	-167	16
1	126	-160	16
1	126	-159	16
1	126	-158	16
1	126	-157	16
1	126	-156	16
1	127	-180	16
1	127	-178	16
1	127	-172	16
1	127	-168	16
1	127	-167	16
1	127	-161	16
1	127	-160	16
1	127	-157	16
1	128	-180	16
1	128	-179	16
1	128	-176	16
1	128	-173	16
1	128	-172	16
1	128	-171	16
1	128	-169	16
1	128	-162	16
1	128	-160	16
1	128	-155	16
1	129	-180	16
1	129	-175	16
1	129	-173	16
1	129	-172	16
1	129	-171	16
1	129	-169	16
1	129	-168	16
1	129	-165	16
1	129	-160	16
1	130	-180	16
1	130	-179	16
1	130	-177	16
1	130	-173	16
1	130	-172	16
1	130	-171	16
1	130	-170	16
1	130	-169	16
1	130	-162	16
1	131	-178	16
1	131	-177	16
1	131	-176	16
1	131	-174	16
1	131	-170	16
1	131	-169	16
1	131	-168	16
1	131	-162	16
1	131	-161	16
1	131	-152	16
1	132	-180	16
1	132	-177	16
1	132	-176	16
1	132	-174	16
1	132	-168	16
1	132	-167	16
1	132	-166	16
1	132	-165	16
1	132	-162	16
1	133	-179	16
1	133	-177	16
1	133	-175	16
1	133	-174	16
1	133	-173	16
1	133	-171	16
1	133	-169	16
1	133	-168	16
1	133	-167	16
1	133	-166	16
1	133	-165	16
1	134	-180	16
1	134	-178	16
1	134	-177	16
1	134	-176	16
1	134	-173	16
1	134	-172	16
1	134	-168	16
1	134	-167	16
1	134	-166	16
1	134	-165	16
1	134	-162	16
1	135	-179	16
1	135	-176	16
1	135	-175	16
1	135	-171	16
1	135	-170	16
1	135	-169	16
1	135	-168	16
1	135	-166	16
1	135	-165	16
1	136	-178	16
1	136	-176	16
1	136	-168	16
1	136	-167	16
1	136	-166	16
1	136	-163	16
1	137	-175	16
1	137	-172	16
1	137	-171	16
1	137	-169	16
1	137	-168	16
1	137	-167	16
1	137	-166	16
1	137	-165	16
1	137	-163	16
1	138	-177	16
1	138	-172	16
1	138	-169	16
1	138	-168	16
1	138	-167	16
1	138	-166	16
1	138	-165	16
1	138	-163	16
1	138	-162	16
1	138	-161	16
1	139	-178	16
1	139	-173	16
1	139	-166	16
1	139	-165	16
1	139	-164	16
1	139	-163	16
1	139	-162	16
1	139	-161	16
1	140	-179	16
1	140	-178	16
1	140	-177	16
1	140	-175	16
1	140	-172	16
1	140	-171	16
1	140	-166	16
1	140	-165	16
1	140	-164	16
1	140	-163	16
1	140	-162	16
1	140	-161	16
1	140	-160	16
1	141	-178	16
1	141	-177	16
1	141	-176	16
1	141	-172	16
1	141	-169	16
1	141	-166	16
1	141	-165	16
1	141	-164	16
1	141	-163	16
1	141	-162	16
1	142	-178	16
1	142	-177	16
1	142	-176	16
1	142	-165	16
1	143	-173	16
1	144	-172	16
1	145	-180	16
1	145	-178	16
1	146	-180	16
1	148	-180	16
1	149	-180	16
1	149	-178	16
1	198	-63	361
1	200	-64	361
1	286	56	141
1	286	57	141
1	287	56	141
1	287	57	141
1	291	56	141
1	291	57	141
1	295	56	141
1	296	56	141
1	297	56	141
1	297	58	141
1	298	56	141
1	298	57	141
1	298	58	141
1	299	56	141
1	299	58	141
1	299	59	141
1	302	56	141
1	302	57	141
1	303	56	141
1	305	57	141
1	306	57	141
269	-51	208	5204
269	-51	210	5204
269	-50	205	5204
269	-50	207	5204
269	-50	210	5204
269	-49	203	5204
269	-49	206	5204
269	-49	210	5204
269	-48	204	5204
269	-48	212	5204
269	-48	213	5204
269	-47	207	5204
269	-47	213	5204
269	-46	209	5204
269	-46	210	5204
269	-46	213	5204
531	-261	47	5147
531	-259	46	5147
531	-256	50	5147
531	-244	47	5147
531	-243	47	5147
531	-243	48	5147
531	-243	49	5147
